Moment Coriolis from omegas 
charge = 10 l/min 
omegas = [85, 96, 110.5, 120] rpm 
forces = [1.47, 1.7, 2.0, 2.2] N 
height = [0.45, 0.39, 0.25, 0.166] m 
moment_theo = [0.019856944444444444, 0.022426666666666664, 0.025814027777777773, 0.02803333333333333] Nm 
moment_meas = [0.14994, 0.17339999999999997, 0.204, 0.22440000000000002] Nm 
hs_theor = [0.03817674720092969, 0.03343062758641721, 0.02629297381657595, 0.021073076566009055] m 
************************** 
Moment Coriolis from charges 
charge = 12.5 l/min 
omegas = [120] rpm 
forces = [2.3, 2.4, 2.5] N 
height = [0.263, 0.375, 0.5] m 
moment_theo = [0.032238333333333334, 0.033639999999999996, 0.035041666666666665] Nm 
moment_meas = [0.23459999999999998, 0.24479999999999996, 0.255] Nm 
************************** 
