 ***** results_tp1_calpe.txt ***** 
Question 1.1 
Q = 0.0002059577983639417 m3/s 
incert_q = 0.19675324675324676 
Question 2.1 and 2.2 
h = [0.025, 0.023, 0.02, 0.018, 0.015] m 
energies = [266.20930735346104, 250.458255379798, 229.13954273978288, 217.31301572812697, 205.91474264850288] 
froudes = [0.4160975881754137, 0.47153448254868691, 0.58151405777121112, 0.68107737554213532, 0.89529946077802769] 
Question 3.5 
Q = 0.00015540100250626567 m3/s 
froude_amont = 0.21679827358575007froude_aval = 1.7343861886860006